1.000000000000000000e+00
6.001540000000099573e-01
4.043999999999964290e-01
2.200979999999993220e-01
7.185799999999997745e-02
5.587999999999907277e-03
8.840000000000000201e-04
4.660000000000000513e-04
3.239999999999999608e-04
4.540000000000001391e-04
1.256000000000000822e-03
3.783999999999951899e-03
9.517999999999899804e-03
2.076399999999989365e-02
3.785599999999993831e-02
5.955999999999996714e-02
8.371999999999965580e-02
1.100919999999996485e-01
1.491219999999998658e-01
2.195379999999992338e-01
3.018300000000002092e-01
3.219280000000003805e-01
2.909140000000003945e-01
2.302359999999995521e-01
1.482939999999997871e-01
7.089399999999991542e-02
3.212599999999997402e-02
1.444999999999995073e-02
7.933999999999909875e-03
6.085999999999920466e-03
6.815999999999927152e-03
1.001599999999991039e-02
1.860599999999988305e-02
3.788999999999993762e-02
8.334399999999991815e-02
1.514559999999999240e-01
1.983359999999994294e-01
2.067899999999995853e-01
1.903919999999994783e-01
1.889959999999993590e-01
1.764619999999994804e-01
1.515439999999998455e-01
1.162700000000000261e-01
8.429599999999994042e-02
5.833399999999986513e-02
3.981799999999999923e-02
2.708399999999989982e-02
2.234199999999990707e-02
2.591199999999985876e-02
3.916199999999991216e-02
6.644200000000007045e-02
1.065439999999998055e-01
1.439640000000000364e-01
1.613079999999996461e-01
1.589219999999996746e-01
1.497379999999997879e-01
1.348060000000000369e-01
1.116479999999998030e-01
8.540599999999988479e-02
6.472999999999998200e-02
5.294999999999985135e-02
4.287399999999987749e-02
3.411799999999994004e-02
3.141199999999987752e-02
3.313599999999992246e-02
4.125799999999991974e-02
5.749599999999995686e-02
8.230999999999993877e-02
1.112799999999999484e-01
1.356800000000001616e-01
1.456599999999998452e-01
1.475180000000000935e-01
1.421160000000001589e-01
1.235859999999998488e-01
9.752599999999987668e-02
8.268999999999994410e-02
6.897799999999991438e-02
5.674399999999988481e-02
4.675599999999994344e-02
4.190799999999999387e-02
4.150599999999996653e-02
4.561999999999993838e-02
5.523599999999994486e-02
7.203599999999990566e-02
9.343999999999981487e-02
1.147639999999999633e-01
1.271919999999999717e-01
1.339239999999999597e-01
1.317239999999998135e-01
1.219799999999999773e-01
1.035679999999997991e-01
8.978999999999991155e-02
7.953399999999989645e-02
6.799399999999992950e-02
5.791799999999991400e-02
5.082599999999988516e-02
4.935599999999988607e-02
5.085999999999994692e-02
5.752799999999996111e-02
6.657400000000002205e-02
8.194199999999983441e-02
9.939599999999984559e-02
1.117879999999998736e-01
1.224960000000000493e-01
1.251780000000000115e-01
1.192659999999998166e-01
1.067599999999998550e-01
9.591199999999990011e-02
8.568799999999990313e-02
7.728799999999995396e-02
6.692399999999988636e-02
5.889799999999977692e-02
5.708600000000003255e-02
5.711199999999992671e-02
5.901599999999992963e-02
6.516999999999993631e-02
7.754399999999998794e-02
8.869599999999985829e-02
9.916199999999987524e-02
1.096419999999998784e-01
1.159019999999996581e-01
1.167979999999999297e-01
1.056539999999997897e-01
9.928399999999973358e-02
9.124399999999974198e-02
8.138999999999974033e-02
7.323999999999980526e-02
6.811199999999996424e-02
6.498600000000002985e-02
6.326200000000002654e-02
6.351599999999986423e-02
6.619599999999994933e-02
7.345599999999999352e-02
8.164799999999995672e-02
8.971799999999993669e-02
9.933999999999974795e-02
1.086239999999997347e-01
1.113119999999998694e-01
1.056519999999997877e-01
1.009519999999999029e-01
9.531999999999989093e-02
8.796199999999966546e-02
7.918000000000012528e-02
7.152399999999996261e-02
6.911399999999988386e-02
6.787199999999998790e-02
6.627199999999990043e-02
6.870799999999989416e-02
7.258199999999997987e-02
7.975799999999982903e-02
8.500999999999990508e-02
9.192799999999975991e-02
9.959199999999981956e-02
1.058819999999998512e-01
1.032460000000000738e-01
9.925999999999997325e-02
9.651799999999979840e-02
9.068999999999979855e-02
8.318199999999995042e-02
7.778999999999992865e-02
7.505599999999984506e-02
7.216799999999994053e-02
6.838999999999996471e-02
6.872999999999997167e-02
7.397199999999985731e-02
7.908599999999979535e-02
8.244199999999976547e-02
8.787599999999989864e-02
9.478799999999978909e-02
9.977599999999968439e-02
9.716199999999980408e-02
9.712799999999983946e-02
9.772799999999985665e-02
9.322599999999979514e-02
8.688399999999972534e-02
8.096799999999997055e-02
7.932799999999992635e-02
7.684399999999989850e-02
7.243799999999989137e-02
7.143799999999986272e-02
7.264199999999985946e-02
7.678199999999986425e-02
8.056999999999994722e-02
8.562399999999985301e-02
9.030999999999982097e-02
9.534399999999974840e-02
9.690999999999978798e-02
9.496999999999986009e-02
9.579599999999981186e-02
9.396999999999974817e-02
8.867999999999987004e-02
8.363600000000005752e-02
8.263799999999982271e-02
8.021999999999997188e-02
7.444399999999991302e-02
7.420199999999982365e-02
7.511999999999993682e-02
7.774999999999983313e-02
7.864199999999978152e-02
8.158599999999997798e-02
8.856199999999983530e-02
9.222199999999974862e-02
9.348999999999989263e-02
9.357199999999976647e-02
9.571599999999984287e-02
9.439999999999972025e-02
8.762999999999983303e-02
8.682199999999982987e-02
8.437799999999991141e-02
8.181799999999991857e-02
7.753600000000000769e-02
7.458399999999992813e-02
7.635799999999991206e-02
7.848199999999987131e-02
7.904199999999987625e-02
8.219999999999982876e-02
8.602399999999975344e-02
8.930799999999965155e-02
8.989999999999978564e-02
9.105599999999984540e-02
9.269999999999974094e-02
9.304599999999983717e-02
8.870599999999978502e-02
8.795599999999986762e-02
8.589399999999978996e-02
8.336399999999995203e-02
8.009200000000003816e-02
7.772799999999981113e-02
7.694799999999987761e-02
8.088999999999980928e-02
7.907599999999986862e-02
8.047799999999984133e-02
8.347199999999982412e-02
8.797599999999983211e-02
8.863599999999988155e-02
9.030999999999965444e-02
8.997999999999979626e-02
9.136399999999977872e-02
9.002599999999982838e-02
8.992799999999975813e-02
8.747399999999985742e-02
8.472999999999980547e-02
8.062799999999989420e-02
7.989599999999995317e-02
8.103999999999982051e-02
7.933599999999993435e-02
8.045599999999983321e-02
8.076399999999991919e-02
8.478999999999971282e-02
8.611999999999987720e-02
8.563199999999981937e-02
8.679999999999982174e-02
8.971799999999983954e-02
9.173999999999980781e-02
8.825999999999985246e-02
8.795999999999985774e-02
8.699799999999970057e-02
8.621999999999981068e-02
8.424999999999986666e-02
8.216799999999985227e-02
8.141999999999975646e-02
8.288199999999990020e-02
7.969799999999990781e-02
7.861399999999979515e-02
8.257599999999980234e-02
8.553999999999985226e-02
8.644199999999981066e-02
8.614199999999988533e-02
8.687199999999981048e-02
8.919599999999991424e-02
8.769199999999975625e-02
8.669799999999980300e-02
8.836799999999978006e-02
8.745799999999991081e-02
8.415199999999975478e-02
8.254000000000004389e-02
8.369999999999992724e-02
8.330199999999979288e-02
8.188599999999982004e-02
8.015000000000002678e-02
8.382799999999993035e-02
8.515199999999981118e-02
8.483599999999996699e-02
8.539199999999994017e-02
8.717999999999992422e-02
8.768599999999984740e-02
8.631599999999987893e-02
8.603400000000002712e-02
8.780999999999984651e-02
8.846199999999974917e-02
8.501199999999982382e-02
8.317399999999980365e-02
8.390399999999988145e-02
8.446999999999982300e-02
8.160399999999984333e-02
8.120599999999980612e-02
8.392199999999985782e-02
8.617799999999983807e-02
8.443399999999989802e-02
8.395399999999986207e-02
8.706999999999998074e-02
